01,1001110010000111110000011101010111010000011010000001111001100100
01,0100101001110000000001010010100011000010100100111101101100011000
01,1100110111110011110000000011101010010111011011010010111111010011
01,0111101100111101010101000111101011111101001111011100111000110110
01,0111101011101111011001011111001100100011111011101000000111100001
01,1010110011101000010101010100110000011111101000011010001011001001
01,1001110101000001011011001111101101111011010100100011000010111110
01,1010011010101101100110101011111110101001110000010111010010011100
01,1011010011010101001111011001001100011001111001001011110111100110
01,0110001110001100101001010011010111111101001000000100100001111010
01,1110000000111011000101010111011111100101000010100101000000101010
01,1001100111110111010011011101110101010011011000111100000010011001
01,1010001110010001101001000100000110111111011000110011000110010100
01,0001001111100011110110101000000010111100001001111000111000011101
01,1001010101100010111100111010111101101110000101010111111000111110
01,0111101010011100110000111010010110111011011010001001010010111011
01,1000111010100100001010101101010111111111111010100101010000000100
01,0111000000000111011010110101110110111000101111110010010101100000
01,1101000001000001101100111011111010110100101100111110000111101001
01,0001011111111111100011101110100010111000000100011010001111111110
01,0100100001110101100011111111111110101110001011100010001000111011
01,1001010011001001101011010010000110110010011011110011001100010001
01,0001111111100001100010001001010011100111001011010011100111101000
01,1010111101010010011111101100101101011011110100011111111101110111
01,0010001111001001000000001011100101001011111010010111111001111000
01,1111000100100110111101010010011101000010011101001111101001111111
01,0110111011010000101110011011110100111010001110100000011100010001
01,1011011110100011000111101100010111101000001010111010011111110101
01,0000011011110010111100111010000010110101001100010010110100010011
01,1000100000100011100001111111101000100110100101100010111001000000
01,1001000101000001110011110100100001111001011101000010111000000111
01,1011110101111100001110011100000111000110001100101011001000100110
